// random   right part's number maybe  >=81  or   <=81 ,   Number Array's size = 100  , value range : [1 ~ 100]
81 24 15 31 61 77 34 9 36 62 30 75 98 50 45 35 19 23 83 38 11 74 63 44 14 1 22 47 70 86 88 52 2 94 39 71 57 69 40 87 79 80 32 18 46 67 95 10 41 5 76 97 85 78 27 25 21 6 54 72 20 51 33 17 92 56 12 37 73 3 60 89 66 26 8 53 49 59 64 13 28 48 96 93 16 91 58 68 43 42 7 4 65 82 29 99 100 55 90 84 

// Special Condition 1 : right > 81
81 16807 282475249 1622650073 984943658 1144108930 470211272 101027544 1457850878 1458777923 2007237709 823564440 1115438165 1784484492 74243042 114807987 1137522503 1441282327 16531729 823378840 143542612 896544303 1474833169 1264817709 1998097157 1817129560 1131570933 197493099 1404280278 893351816 1505795335 1954899097 1636807826 563613512 101929267 1580723810 704877633 1358580979 1624379149 2128236579 784558821 530511967 2110010672 1551901393 1617819336 1399125485 156091745 1356425228 1899894091 585640194 937186357 1646035001 1025921153 510616708 590357944 771515668 357571490 1044788124 1927702196 1952509530 130060903 1942727722 1083454666 1108728549 685118024 2118797801 1060806853 571540977 194847408 2035308228 158374933 1075260298 824938981 595028635 1962408013 1137623865 997389814 2020739063 107554536 1635339425 1654001669 1777724115 269220094 34075629 1478446501 1864546517 1351934195 1581030105 1557810404 2146319451 1908194298 500782188 657821123 753799505 1102246882 1269406752 1816731566 884936716 1807130337 578354438 

// Special Condition 2 : right < 81
81 -40 -61 -77 20 49 35 51 80 -80 -37 18 -44 60 62 -45 -56 -79 -34 70 1 -15 -73 -36 -11 22 -42 -33 45 62 -70 -61 2 41 -1 62 -55 -46 -54 -30 -37 38 -37 18 -11 -47 38 -49 69 -76 -62 -20 79 55 64 68 66 44 75 -13 70 43 -63 17 -44 -73 -36 45 6 -7 40 -70 -43 -34 -6 40 -68 63 -50 -56 -24 70 -63 -76 -65 -50 -15 17 24 12 -35 -59 16 24 62 52 -6 20 63 -21 

//  All Same
81 81 81 81 81 81 81 81 81 81 81 81 81 81 81 81 81 81 81 81 81 81 81 81 81 81 81 81 81 81 81 81 81 81 81 81 81 81 81 81 81 81 81 81 81 81 81 81 81 81 81 81 81 81 81 81 81 81 81 81 81 81 81 81 81 81 81 81 81 81 81 81 81 81 81 81 81 81 81 81 81 81 81 81 81 81 81 81 81 81 81 81 81 81 81 81 81 81 81 81  

////////////////////////////////////////////////////////////////////////////////////////////////////////////////////////////////////////////////////////////////////////////////////////////////////////////////
//  most of the numbers are same
////////////////////////////////////////////////////////////////////////////////////////////////////////////////////////////////////////////////////////////////////////////////////////////////////////////////

// the 2nd most left number < povitNum 81 , others > povitNum 81
81 75 98 98 98 98 98 98 98 98 98 98 98 98 98 98 98 98 98 98 98 98 98 98 98 98 98 98 98 98 98 98 98 98 98 98 98 98 98 98 98 98 98 98 98 98 98 98 98 98 98 98 98 98 98 98 98 98 98 98 98 98 98 98 98 98 98 98 98 98 98 98 98 98 98 98 98 98 98 98 98 98 98 98 98 98 98 98 98 98 98 98 98 98 98 98 98 98 98 98 

// the 2nd most left number > povitNum 81 , others > povitNum 81
81 90 70 70 70 70 70 70 70 70 70 70 70 70 70 70 70 70 70 70 70 70 70 70 70 70 70 70 70 70 70 70 70 70 70 70 70 70 70 70 70 70 70 70 70 70 70 70 70 70 70 70 70 70 70 70 70 70 70 70 70 70 70 70 70 70 70 70 70 70 70 70 70 70 70 70 70 70 70 70 70 70 70 70 70 70 70 70 70 70 70 70 70 70 70 70 70 70 70 70 

// the final number > povitNum 81 , others < povitNum 81
81 70 70 70 70 70 70 70 70 70 70 70 70 70 70 70 70 70 70 70 70 70 70 70 70 70 70 70 70 70 70 70 70 70 70 70 70 70 70 70 70 70 70 70 70 70 70 70 70 70 70 70 70 70 70 70 70 70 70 70 70 70 70 70 70 70 70 70 70 70 70 70 70 70 70 70 70 70 70 70 70 70 70 70 70 70 70 70 70 70 70 70 70 70 70 70 70 70 70 90  

// the final number < povitNum 81 , others > povitNum 81
81 90 90 90 90 90 90 90 90 90 90 90 90 90 90 90 90 90 90 90 90 90 90 90 90 90 90 90 90 90 90 90 90 90 90 90 90 90 90 90 90 90 90 90 90 90 90 90 90 90 90 90 90 90 90 90 90 90 90 90 90 90 90 90 90 90 90 90 90 90 90 90 90 90 90 90 90 90 90 90 90 90 90 90 90 90 90 90 90 90 90 90 90 90 90 90 90 90 90 70  


